1
3
5
7
13
15
29
37
40
48
49
50
51
53
56
57
60
61
62
63
64
65
67
68
71
72
73
74
76
77
78
79
80
81
82
83
84
86
88
89
90
91
92
93
94
95
97
100
101
103
104
105
107
108
109
110
111
115
121
122
123
125
126
128
129
130
131
132
134
135
136
139
147
148
152
153
154
155
156
158
159
160
162
164
165
166
167
169
171
172
173
174
175
178
179
180
181
184
187
191
192
195
197
216
217
219
220
221
222
228
229
231
232
235
236
238
239
240
241
242
243
244
245
246
247
249
251
252
253
254
255
256
257
258
259
260
261
262
263
264
265
270
271
272
273
274
275
276
277
278
282
283
284
285
286
293
294
295
296
297
298
299
300
301
392
393
394
395
396
397
398
399
421
422
446
447
448
449
450
451
452
453
454
